2.377998868543336254e-08
1.015945049676007600e-07
2.816481863123072630e-07
6.873891975530970183e-07
1.605459808270682953e-06
3.688533178171256293e-06
8.346209328770764176e-06
1.844547014746218783e-05
3.892251262553206797e-05
7.902221482493735629e-05
2.178512458088176348e-04
3.854861440162679750e-04
5.549759888663571578e-04
7.019807847037464778e-04
9.215523888159170328e-04
9.805228859918078618e-04
1.086172666957495358e-03
1.220129983183015606e-03
1.371877392931438551e-03
1.637561704355927801e-03
1.976719300108957262e-03
2.134837748780629620e-03
1.993693866813822917e-03
1.690801591163739945e-03
1.384371801035872958e-03
1.240408473986536570e-03
1.092815921887420154e-03
1.046292312048930631e-03
1.151258515075380623e-03
1.062433487550389815e-03
1.015195206849782298e-03
1.624520054809945819e-03
1.771641673486823399e-03
1.913630842774040591e-03
1.912968104167341336e-03
2.071442586836857915e-03
2.329052369108446791e-03
2.418468848308870205e-03
2.146746788809979732e-03
1.895400394737827704e-03
1.595663640823562169e-03
