3.510340390021909180e-08
1.630486983654786589e-07
4.685126063730077217e-07
1.208310491734251549e-06
2.955032035976908014e-06
6.894815874809185209e-06
1.580414008092821738e-05
3.504026867694265624e-05
7.404127678463322238e-05
1.455632315903105701e-04
2.607353990746708820e-04
4.217503282325785197e-04
6.032081299441341632e-04
7.728609790751018050e-04
1.015869356989882724e-03
1.107736879863161069e-03
1.232453051180951078e-03
1.369645077710813542e-03
1.525725051673357995e-03
1.800654154261720642e-03
2.131969874124127733e-03
2.271180539688424840e-03
2.111077300046261540e-03
1.792644756004515205e-03
1.466299301191812277e-03
1.262847497603909351e-03
1.145154117487924995e-03
1.076775297019367085e-03
1.186021290486528922e-03
1.095198197822095862e-03
1.071139563853899367e-03
1.697880964553904332e-03
1.846256670395622374e-03
1.973512507485436669e-03
1.945030264844439935e-03
2.105330145774581951e-03
2.362172070372757157e-03
2.453439762551811159e-03
2.182053322634969292e-03
1.936647310112628827e-03
1.642093368079229274e-03
