2.533579092999385079e-08
1.067702852334287119e-07
2.914252025085493921e-07
7.059688583502756535e-07
1.640702926208243944e-06
3.735149129560699232e-06
8.365264474591143303e-06
1.819421919891761174e-05
3.768280641470373365e-05
7.377786718842298079e-05
2.143406564555882772e-04
3.816320620913969328e-04
5.498715268785174396e-04
6.953208745136031654e-04
9.144182771901666115e-04
1.013831247453349021e-03
1.051261509133233785e-03
1.198838603197056787e-03
1.330391219454510549e-03
1.500185776162290922e-03
1.819331308327597815e-03
2.009807546218333758e-03
1.945232227277506575e-03
1.703882411019295951e-03
1.422697862017742020e-03
1.390679392120957800e-03
1.216486791750482797e-03
1.176795504560999329e-03
1.228942683056471856e-03
1.269907922771741421e-03
1.912870480212481216e-03
1.867880351100534644e-03
1.968976054381848736e-03
1.999647299678863985e-03
2.003864790156843333e-03
1.859048118685119972e-03
1.850944733359315749e-03
2.474854646142242865e-03
2.543350337849263100e-03
2.551346279622590182e-03
2.263247613099852919e-03
