3.626526192966776896e-08
1.579369152880247685e-07
4.740768510852209173e-07
1.214889592568010710e-06
2.931540033312550993e-06
6.896083793760304293e-06
1.579730723071393411e-05
3.502073277972870792e-05
7.405454567143458452e-05
1.455718568427980138e-04
2.607567203457958793e-04
4.217753161654464638e-04
6.035625568201454178e-04
7.768568265894770179e-04
1.024450691184687710e-03
1.161569512147225336e-03
1.249951847270271317e-03
1.394442714266400877e-03
1.527882964532489406e-03
1.709572124349505650e-03
2.024196632703621074e-03
2.194990290140974142e-03
2.108020098215896299e-03
1.845547182433904254e-03
1.549543648447456335e-03
1.433114228167545060e-03
1.318656531129322462e-03
1.212515025826884198e-03
1.297420292847475086e-03
1.337052705714923814e-03
1.964658958723473209e-03
1.945774822645471649e-03
2.088016064827881609e-03
2.083233284679659927e-03
2.086871243522732487e-03
1.957809527770210372e-03
1.939888689775350842e-03
2.509475615653586431e-03
2.622785440722616695e-03
2.623737784057213369e-03
2.352731313701525526e-03
